Depth(m),Voltage(V),Current(mA),# Counts
0.025,2.164550,14.430335,42986
0.050,2.272561,15.150407,45131
0.075,2.322513,15.483421,46123
0.100,2.436114,16.240757,48379
0.125,2.476448,16.509649,49180
0.150,2.415972,16.106478,47979
0.175,2.297537,15.316914,45627
0.200,2.431279,16.208530,48283
0.225,2.587631,17.250874,51388
0.250,2.308011,15.386740,45835
0.275,2.333792,15.558617,46347
0.300,2.359574,15.730494,46859
0.325,2.425640,16.170931,48171
0.350,2.159716,14.398108,42890
0.375,2.144408,14.296055,42586
0.400,2.172607,14.484046,43146
0.425,1.918769,12.791791,38105
0.450,1.984834,13.232227,39417
0.475,1.988057,13.253711,39481
0.500,2.145214,14.301426,42602
0.525,1.720522,11.470145,34168
0.550,1.676210,11.174731,33288
0.575,1.656068,11.040452,32888
0.600,1.620568,10.803783,32183
0.625,1.245878,8.305851,24742
0.650,1.387727,9.251514,27559
0.675,1.317583,8.783887,26166
0.700,1.345782,8.971877,26726
0.725,1.646349,10.975662,32695
0.750,1.227297,8.181979,24373
0.775,1.306304,8.708690,25942
0.800,1.418293,9.455283,28166
0.825,1.743886,11.625910,34632
0.850,1.709242,11.394949,33944
0.875,1.677821,11.185473,33320
0.900,1.486020,9.906797,29511
0.925,2.104930,14.032867,41802
0.950,1.977583,13.183886,39273
0.975,1.874456,12.496376,37225
1.000,1.764834,11.765561,35048
1.025,1.314360,8.762402,26102
1.050,1.327301,8.848676,26359
1.075,1.162843,7.752285,23093
1.100,0.997629,6.650858,19812
1.125,1.593980,10.626535,31655
1.150,1.943745,12.958297,38601
1.175,1.892987,12.619913,37593
1.200,2.092039,13.946929,41546
1.225,2.117015,14.113434,42042
1.250,1.953413,13.022751,38793
1.275,1.987251,13.248341,39465
1.300,2.112987,14.086578,41962
1.325,1.653651,11.024339,32840
1.350,1.653651,11.024339,32840
1.375,1.461849,9.745663,29031
1.400,1.458627,9.724178,28967
1.425,1.797867,11.985778,35704
1.450,1.822893,12.152620,36201
1.475,1.975972,13.173143,39241
1.500,1.592419,10.616129,31624
1.525,1.916352,12.775677,38057
1.550,2.267727,15.118180,45035
1.575,1.996114,13.307424,39641
1.600,2.311234,15.408224,45899
1.625,0.620522,4.136812,12323
1.650,0.722843,4.818952,14355
1.675,0.726065,4.840436,14419
1.700,0.689004,4.593362,13683
1.725,1.053271,7.021806,20917
1.750,0.863081,5.753872,17140
1.775,1.054932,7.032883,20950
1.800,0.858247,5.721645,17044
1.825,1.008908,6.726054,20036
1.850,0.803410,5.356070,15955
1.875,0.868720,5.791470,17252
1.900,1.087915,7.252765,21605
1.925,0.951705,6.344701,18900
1.950,0.816301,5.442008,16211
1.975,0.900142,6.000946,17876
2.000,0.884834,5.898894,17572
2.025,0.759098,5.060654,15075
2.050,0.945260,6.301732,18772
2.075,0.715592,4.770611,14211
2.100,0.594690,3.964599,11810
2.125,1.026683,6.844556,20389
2.150,0.938814,6.258762,18644
2.175,1.120947,7.472983,22261
2.200,0.905832,6.038880,17989
